0
10
10000
11111
100
10111
1000
1011
10
10001
1011
11010
111
10011
100
1000
101
10001
10011
11001
1110
10001
1010
1111
1011010
10001000
1000
10011
11001
1111101
110
101000
101101
1001011
10
1001
1011010
1111000
10100
11001
1010
111101
11111
1101100
110001010100
1101011101000
111000010
111110110
110010101
1010001000
111100101111
1110000111011
1000110101110
1110101111000
101001101101
1010010110100
1000100010
1000001100011
1000000100010
1110111110011
11010011011
1010111011110
10110111110
101101011110
1000011101000011
1111001010011001
110110010111010
1100101110000000
100110101110011
1111101101011111
110000001000
1010100000010101
1001100001100001
10010011111001111
100000111110000
100101111110111
111011010111010
1000010011110111
1001000011000111
1010001000010010
1010001111001
1011000001100111
1100011111011
1101000100101010
1010011011101100010
10101101110011000011
10000000111111010
101100110010100000
1011000001110010011
10110001111100001010
1101011110001001
10000011111100111101
1110010101111011
1111000001010110101
1001110001101100111
1011000101111010101
101000001000111000
1010100110111101011
1001111110011111011
1111100111000010011
1011011011100100110
10101111000100011001
1000111001100001001
10010000001011100100
0
0
